1
5
6
9
10
12
17
19
20
21
23
25
26
32
33
34
35
37
38
39
42
43
44
46
49
50
51
52
54
55
56
57
58
59
61
66
67
68
69
70
71
72
73
74
79
83
86
87
88
90
92
95
96
98
100
101
102
105
106
107
108
110
113
114
115
116
117
120
124
126
127
128
133
135
136
139
140
141
142
144
145
147
148
150
157
158
159
160
161
162
167
168
169
171
172
174
175
176
177
179
180
181
185
186
189
192
197
199
200
201
202
204
205
207
209
210
211
212
215
216
219
220
221
222
224
225
227
228
229
233
234
236
237
238
239
243
247
249
252
264
265
267
269
273
277
278
279
280
283
287
291
292
294
295
297
298
299
301
303
304
305
307
308
309
311
314
324
325
327
331
332
333
334
336
337
338
341
342
347
348
349
351
352
354
356
359
360
361
362
364
366
367
370
371
372
375
379
381
382
383
388
389
391
393
395
396
397
398
399
401
404
405
407
408
410
413
414
415
418
420
421
425
426
427
428
429
431
432
433
434
435
436
439
440
441
442
443
446
447
450
451
454
455
457
459
460
462
463
466
468
470
471
472
477
478
483
484
485
487
491
492
494
496
500
501
504
505
506
507
508
510
511
512
517
518
520
526
531
532
535
539
540
542
548
549
551
554
555
558
561
563
564
565
566
567
568
569
570
571
572
573
574
575
579
587
588
589
590
591
592
596
597
598
599
600
601
605
606
607
608
609
610
611
612
613
614
615
621
622
625
626
627
628
629
630
631
632
634
635
636
637
639
643
645
647
648
649
650
651
652
654
656
657
659
660
661
662
665
666
670
671
673
676
677
678
679
681
682
683
685
686
687
689
692
693
694
697
698
703
706
707
711
713
717
718
720
726
730
731
732
733
734
736
738
739
743
744
747
748
749
750
751
752
753
754
757
759
760
763
765
767
770
771
775
777
778
779
780
783
784
788
801
804
807
808
809
812
813
814
815
818
820
821
823
827
828
829
830
831
832
833
834
835
839
844
846
848
850
851
852
853
855
857
862
864
865
866
868
869
870
876
881
884
885
886
888
889
890
892
894
895
900
904
907
911
915
918
921
926
927
928
929
931
932
933
934
935
936
937
938
940
941
943
945
946
948
950
951
952
957
964
965
966
967
968
969
970
974
979
983
984
985
993
996